(30,90,1),(60,90,1),(30,90,1),(60,90,1),(40,0,0)
(30,135,0),(42,180,1),(42,135,0),(60,180,1),(60,90,0),(10,0,0)
(30,90,1),(30,45,1),(42,225,1),(30,270,1),(60,90,0),(10,0,0)
(30,135,1),(42,225,1),(30,135,1),(42,225,1),(30,270,0),(60,90,0),(10,0,0)
(0,90,0),(30,270,1),(30,270,1),(30,180,1),(60,180,1),(60,90,0),(10,0,0)
(30,180,1),(30,270,0),(30,270,1),(30,90,1),(30,90,1),(30,180,1),(30,270,0),(60,90,0),(10,0,0)
(30,135,0),(42,225,1),(30,90,1),(30,90,1),(30,90,1),(30,90,1),(30,270,0),(30,90,0),(10,0,0)
(30,135,1),(42,315,1),(30,180,1),(60,90,0),(40,0,0)
(30,90,1),(60,90,1),(30,90,1),(60,180,1),(30,270,0),(30,270,1),(30,90,0),(10,0,0)
(30,90,1),(30,90,1),(30,90,1),(30,90,1),(30,90,0),(30,45,0),(42,180,1),(42,315,0),(30,90,0),(10,0,0)
